############################
NAIVE BAYES
############################

OvR, cnt
Best Configuration: {'alpha': 0.5, 'fit_prior': True}, Best Validation Accuracy: 0.735582154515778

              precision    recall  f1-score   support

           0       0.77      0.87      0.82      1493
           1       0.83      0.81      0.82      1416
           2       0.68      0.37      0.48       163
           3       0.60      0.46      0.52       294
           4       0.79      0.58      0.67       214
           5       0.60      0.58      0.59       164
           6       0.73      0.63      0.67       179
           7       0.61      0.82      0.70       540
           8       0.38      0.07      0.12        80
           9       0.67      0.19      0.30        52

    accuracy                           0.75      4595
   macro avg       0.67      0.54      0.57      4595
weighted avg       0.74      0.75      0.74      4595

OvO, cnt
Best Configuration: {'alpha': 0.5, 'fit_prior': True}, Best Validation Accuracy: 0.7281828073993472
              precision    recall  f1-score   support

           0       0.79      0.85      0.82      1493
           1       0.84      0.79      0.81      1416
           2       0.73      0.39      0.51       163
           3       0.57      0.48      0.52       294
           4       0.78      0.59      0.68       214
           5       0.61      0.61      0.61       164
           6       0.74      0.66      0.70       179
           7       0.62      0.82      0.70       540
           8       0.12      0.14      0.13        80
           9       0.48      0.19      0.27        52

    accuracy                           0.74      4595
   macro avg       0.63      0.55      0.58      4595
weighted avg       0.75      0.74      0.74      4595

OvR, Tfidf
              precision    recall  f1-score   support

           0       0.63      0.92      0.75      1493
           1       0.69      0.83      0.75      1416
           2       0.67      0.04      0.07       163
           3       0.44      0.08      0.13       294
           4       0.86      0.17      0.28       214
           5       1.00      0.05      0.10       164
           6       0.52      0.06      0.11       179
           7       0.69      0.71      0.70       540
           8       0.14      0.04      0.06        80
           9       0.00      0.00      0.00        52

    accuracy                           0.66      4595
   macro avg       0.56      0.29      0.30      4595
weighted avg       0.65      0.66      0.59      4595

OvO, Tfidf
Best Configuration: {'alpha': 0.5, 'fit_prior': False}, Best Validation Accuracy: 0.6354733405875952
              precision    recall  f1-score   support

           0       0.62      0.92      0.74      1493
           1       0.67      0.83      0.74      1416
           2       0.33      0.01      0.01       163
           3       0.40      0.06      0.10       294
           4       0.86      0.08      0.15       214
           5       1.00      0.04      0.07       164
           6       0.35      0.03      0.06       179
           7       0.73      0.65      0.69       540
           8       0.11      0.04      0.06        80
           9       0.00      0.00      0.00        52

    accuracy                           0.64      4595
   macro avg       0.51      0.27      0.26      4595
weighted avg       0.62      0.64      0.57      4595

approximate, OvR, cnt
Best Configuration: {'alpha': 1.0, 'fit_prior': True}, Best Validation Accuracy: 0.7952121871599565
              precision    recall  f1-score   support

           0       0.78      0.86      0.82      1492
           1       0.83      0.79      0.81      1416
           2       0.73      0.60      0.66       672
           3       0.74      0.77      0.75      1015

    accuracy                           0.78      4595
   macro avg       0.77      0.75      0.76      4595
weighted avg       0.78      0.78      0.78      4595

approximate, tfidf
              precision    recall  f1-score   support

           0       0.71      0.89      0.79      1492
           1       0.79      0.79      0.79      1416
           2       0.82      0.39      0.53       672
           3       0.76      0.73      0.75      1015

    accuracy                           0.75      4595
   macro avg       0.77      0.70      0.72      4595
weighted avg       0.76      0.75      0.74      4595

############################
            SVM
############################

OvO, cnt
              precision    recall  f1-score   support

           0       0.79      0.87      0.83      1493
           1       0.72      0.87      0.79      1416
           2       0.54      0.25      0.34       163
           3       0.55      0.39      0.46       294
           4       0.65      0.52      0.58       214
           5       0.60      0.29      0.39       164
           6       0.76      0.53      0.62       179
           7       0.74      0.73      0.73       540
           8       0.49      0.21      0.30        80
           9       0.88      0.27      0.41        52

    accuracy                           0.73      4595
   macro avg       0.67      0.49      0.54      4595
weighted avg       0.72      0.73      0.71      4595


OvR, cnt
              precision    recall  f1-score   support

           0       0.81      0.86      0.84      1492
           1       0.78      0.82      0.80      1416
           2       0.43      0.40      0.42       164
           3       0.52      0.43      0.47       294
           4       0.58      0.57      0.57       214
           5       0.58      0.38      0.46       164
           6       0.64      0.56      0.60       180
           7       0.72      0.75      0.73       539
           8       0.56      0.35      0.43        80
           9       0.79      0.58      0.67        52

    accuracy                           0.74      4595
   macro avg       0.64      0.57      0.60      4595
weighted avg       0.73      0.74      0.73      4595

OvR, tfidf
              precision    recall  f1-score   support

           0       0.85      0.87      0.86      1492
           1       0.83      0.84      0.83      1416
           2       0.58      0.55      0.57       164
           3       0.59      0.53      0.56       294
           4       0.64      0.64      0.64       214
           5       0.63      0.56      0.59       164
           6       0.77      0.64      0.70       180
           7       0.73      0.83      0.78       539
           8       0.61      0.38      0.47        80
           9       0.90      0.54      0.67        52

    accuracy                           0.78      4595
   macro avg       0.71      0.64      0.67      4595
weighted avg       0.78      0.78      0.78      4595

OvO, tfidf
              precision    recall  f1-score   support

           0       0.80      0.87      0.84      1493
           1       0.74      0.87      0.80      1416
           2       0.62      0.34      0.44       163
           3       0.64      0.52      0.57       294
           4       0.72      0.54      0.62       214
           5       0.64      0.34      0.44       164
           6       0.86      0.54      0.66       179
           7       0.72      0.76      0.74       540
           8       0.82      0.34      0.48        80
           9       0.86      0.37      0.51        52

    accuracy                           0.75      4595
   macro avg       0.74      0.55      0.61      4595
weighted avg       0.75      0.75      0.74      4595

cnt, approx

              precision    recall  f1-score   support

           0       0.82      0.85      0.83      1492
           1       0.78      0.82      0.80      1416
           2       0.69      0.63      0.66       672
           3       0.78      0.74      0.76      1015

    accuracy                           0.78      4595
   macro avg       0.77      0.76      0.76      4595
weighted avg       0.78      0.78      0.78      4595

tfidf, approx

              precision    recall  f1-score   support

           0       0.85      0.86      0.86      1492
           1       0.82      0.81      0.82      1416
           2       0.68      0.71      0.70       672
           3       0.80      0.76      0.78      1015

    accuracy                           0.80      4595
   macro avg       0.79      0.79      0.79      4595
weighted avg       0.80      0.80      0.80      4595



############################
            NBSVM
############################

C=0.1 everywhere

OvR, cnt
              precision    recall  f1-score   support

           0       0.80      0.88      0.84      1493
           1       0.79      0.85      0.82      1416
           2       0.62      0.45      0.52       163
           3       0.56      0.49      0.53       294
           4       0.68      0.55      0.60       214
           5       0.60      0.43      0.50       164
           6       0.74      0.66      0.70       180
           7       0.73      0.71      0.72       539
           8       0.56      0.28      0.37        80
           9       0.82      0.54      0.65        52

    accuracy                           0.76      4595
   macro avg       0.69      0.58      0.63      4595
weighted avg       0.75      0.76      0.75      4595

OvO, cnt
              precision    recall  f1-score   support

           0       0.80      0.87      0.83      1493
           1       0.72      0.90      0.80      1416
           2       0.65      0.31      0.42       163
           3       0.63      0.39      0.49       294
           4       0.75      0.51      0.61       214
           5       0.68      0.39      0.50       164
           6       0.77      0.58      0.66       180
           7       0.74      0.71      0.72       539
           8       0.82      0.17      0.29        80
           9       1.00      0.38      0.56        52

    accuracy                           0.75      4595
   macro avg       0.76      0.52      0.59      4595
weighted avg       0.75      0.75      0.73      4595

OvO, tfidf
              precision    recall  f1-score   support

           0       0.78      0.89      0.83      1492
           1       0.75      0.86      0.80      1416
           2       0.68      0.31      0.43       164
           3       0.62      0.39      0.48       294
           4       0.66      0.58      0.62       214
           5       0.70      0.43      0.53       164
           6       0.80      0.57      0.67       179
           7       0.76      0.73      0.74       540
           8       0.49      0.34      0.40        80
           9       0.71      0.56      0.62        52

    accuracy                           0.75      4595
   macro avg       0.70      0.56      0.61      4595
weighted avg       0.74      0.75      0.74      4595


approx, cnt, OvR
              precision    recall  f1-score   support

           0       0.81      0.87      0.84      1493
           1       0.81      0.83      0.82      1416
           2       0.74      0.65      0.69       671
           3       0.78      0.73      0.75      1015

    accuracy                           0.79      4595
   macro avg       0.78      0.77      0.77      4595
weighted avg       0.79      0.79      0.79      4595

approx, tfidf, OvO

              precision    recall  f1-score   support

           0       0.84      0.89      0.86      1493
           1       0.83      0.83      0.83      1416
           2       0.75      0.71      0.73       671
           3       0.80      0.76      0.78      1015

    accuracy                           0.82      4595
   macro avg       0.81      0.80      0.80      4595
weighted avg       0.82      0.82      0.82      4595

############################
   Logistic Regression
############################

cnt, OvR
              precision    recall  f1-score   support

           0       0.81      0.86      0.83      1493
           1       0.78      0.83      0.81      1416
           2       0.56      0.43      0.49       163
           3       0.51      0.46      0.48       294
           4       0.62      0.62      0.62       214
           5       0.63      0.46      0.53       164
           6       0.70      0.65      0.67       180
           7       0.75      0.74      0.74       539
           8       0.48      0.33      0.39        80
           9       0.85      0.63      0.73        52

    accuracy                           0.75      4595
   macro avg       0.67      0.60      0.63      4595
weighted avg       0.74      0.75      0.74      4595

cnt, OvO
              precision    recall  f1-score   support

           0       0.83      0.87      0.85      1493
           1       0.77      0.84      0.80      1416
           2       0.62      0.45      0.52       163
           3       0.56      0.49      0.52       294
           4       0.64      0.61      0.62       214
           5       0.66      0.49      0.56       164
           6       0.71      0.66      0.68       180
           7       0.77      0.75      0.76       539
           8       0.54      0.38      0.44        80
           9       0.78      0.60      0.67        52

    accuracy                           0.76      4595
   macro avg       0.69      0.61      0.64      4595
weighted avg       0.75      0.76      0.75      4595

tfidf, OvR
              precision    recall  f1-score   support

           0       0.83      0.88      0.85      1493
           1       0.82      0.82      0.82      1416
           2       0.60      0.50      0.55       163
           3       0.57      0.50      0.54       294
           4       0.68      0.68      0.68       214
           5       0.64      0.59      0.61       164
           6       0.75      0.71      0.73       180
           7       0.74      0.80      0.77       539
           8       0.63      0.40      0.49        80
           9       0.82      0.63      0.72        52

    accuracy                           0.78      4595
   macro avg       0.71      0.65      0.68      4595
weighted avg       0.77      0.78      0.77      4595

tfidf, OvO
              precision    recall  f1-score   support

           0       0.82      0.89      0.86      1493
           1       0.78      0.87      0.82      1416
           2       0.73      0.48      0.58       163
           3       0.64      0.53      0.58       294
           4       0.76      0.63      0.69       214
           5       0.70      0.49      0.58       164
           6       0.78      0.68      0.73       180
           7       0.79      0.78      0.79       539
           8       0.73      0.38      0.50        80
           9       0.82      0.62      0.70        52

    accuracy                           0.79      4595
   macro avg       0.76      0.63      0.68      4595
weighted avg       0.78      0.79      0.78      4595

cnt, approx
              precision    recall  f1-score   support

           0       0.83      0.86      0.84      1493
           1       0.79      0.81      0.80      1416
           2       0.68      0.65      0.66       671
           3       0.78      0.72      0.75      1015

    accuracy                           0.78      4595
   macro avg       0.77      0.76      0.76      4595
weighted avg       0.78      0.78      0.78      4595

tfidf, approx
              precision    recall  f1-score   support

           0       0.83      0.89      0.86      1493
           1       0.81      0.83      0.82      1416
           2       0.75      0.65      0.70       671
           3       0.80      0.75      0.78      1015

    accuracy                           0.81      4595
   macro avg       0.80      0.78      0.79      4595
weighted avg       0.81      0.81      0.80      4595
